0 0.604333 0.181282 0.0909162 0.137578
0 0.522809 0.382616 0.356779 0.433553
0 0.0199108 0.298491 0.0387836 0.133505
32 0.484529 0.408368 0.113065 0.0786275
0 0.705183 0.383569 0.19223 0.368739
0 0.199511 0.266722 0.0587182 0.104095
0 0.939218 0.294076 0.119952 0.152034
0 0.323989 0.292542 0.088788 0.13745
0 0.391069 0.21314 0.10329 0.188013
0 0.157625 0.262795 0.0427713 0.0790405
0 0.39431 0.26302 0.11198 0.29052
0 0.604333 0.181282 0.0909162 0.137578
0 0.522809 0.382616 0.356779 0.433553
0 0.0199108 0.298491 0.0387836 0.133505
32 0.484529 0.408368 0.113065 0.0786275
0 0.705183 0.383569 0.19223 0.368739
0 0.199511 0.266722 0.0587182 0.104095
0 0.939218 0.294076 0.119952 0.152034
0 0.323989 0.292542 0.088788 0.13745
0 0.391069 0.21314 0.10329 0.188013
0 0.157625 0.262795 0.0427713 0.0790405
0 0.39431 0.26302 0.11198 0.29052
