69 0.480181 0.708513 0.523112 0.570763
68 0.0998404 0.206311 0.199115 0.387308
43 0.805581 0.356868 0.0278639 0.264645
43 0.883837 0.347078 0.0299017 0.297404
43 0.834151 0.35297 0.0263575 0.274252
43 0.762113 0.376109 0.025164 0.214754
43 0.756801 0.377204 0.0231829 0.218651
43 0.854413 0.350861 0.0299711 0.28364
43 0.878922 0.350883 0.0263729 0.287266
43 0.727301 0.38051 0.0185803 0.226925
43 0.911395 0.346046 0.0324043 0.302458
43 0.22223 0.607033 0.0879125 0.0798462
43 0.824116 0.353849 0.0275455 0.270596
43 0.760886 0.375084 0.0172089 0.217633
43 0.817477 0.354474 0.0309246 0.270892
73 0.918509 0.863423 0.139795 0.100772
43 0.711665 0.413098 0.0278748 0.285561
43 0.79027 0.36941 0.0169127 0.234383
43 0.717553 0.420149 0.0299965 0.28093
43 0.706931 0.395664 0.0370014 0.25794
43 0.7938 0.370945 0.0185308 0.23115
43 0.83909 0.36096 0.0226877 0.258927
43 0.905731 0.352455 0.0297325 0.296237
69 0.480181 0.708513 0.523112 0.570763
68 0.0998404 0.206311 0.199115 0.387308
43 0.805581 0.356868 0.0278639 0.264645
43 0.883837 0.347078 0.0299017 0.297404
43 0.834151 0.35297 0.0263575 0.274252
43 0.762113 0.376109 0.025164 0.214754
43 0.756801 0.377204 0.0231829 0.218651
43 0.854413 0.350861 0.0299711 0.28364
43 0.878922 0.350883 0.0263729 0.287266
43 0.727301 0.38051 0.0185803 0.226925
43 0.911395 0.346046 0.0324043 0.302458
43 0.22223 0.607033 0.0879125 0.0798462
43 0.824116 0.353849 0.0275455 0.270596
43 0.760886 0.375084 0.0172089 0.217633
43 0.817477 0.354474 0.0309246 0.270892
73 0.918509 0.863423 0.139795 0.100772
43 0.711665 0.413098 0.0278748 0.285561
43 0.79027 0.36941 0.0169127 0.234383
43 0.717553 0.420149 0.0299965 0.28093
43 0.706931 0.395664 0.0370014 0.25794
43 0.7938 0.370945 0.0185308 0.23115
43 0.83909 0.36096 0.0226877 0.258927
43 0.905731 0.352455 0.0297325 0.296237
