0 0.479541 0.762567 0.176166 0.392836
0 0.26842 0.835422 0.203595 0.254146
0 0.116972 0.801107 0.15663 0.332425
35 0.355299 0.801883 0.0340281 0.0632078
0 0.0327641 0.607937 0.0620567 0.178654
0 0.0708368 0.621701 0.0636276 0.146895
0 0.256267 0.509726 0.0515801 0.104105
0 0.479541 0.762567 0.176166 0.392836
0 0.26842 0.835422 0.203595 0.254146
0 0.116972 0.801107 0.15663 0.332425
35 0.355299 0.801883 0.0340281 0.0632078
0 0.0327641 0.607937 0.0620567 0.178654
0 0.0708368 0.621701 0.0636276 0.146895
0 0.256267 0.509726 0.0515801 0.104105
