0 0.730143 0.526492 0.280385 0.921506
0 0.144261 0.548935 0.288421 0.883364
0 0.309435 0.53071 0.201256 0.92726
40 0.266884 0.490375 0.0568542 0.206114
0 0.581015 0.396117 0.0812812 0.412259
0 0.156002 0.301678 0.14996 0.539957
25 0.503874 0.177861 0.136798 0.0638745
0 0.202377 0.256429 0.0542699 0.147624
0 0.102952 0.698798 0.205696 0.584216
40 0.589218 0.610004 0.0448574 0.154384
0 0.730143 0.526492 0.280385 0.921506
0 0.144261 0.548935 0.288421 0.883364
0 0.309435 0.53071 0.201256 0.92726
40 0.266884 0.490375 0.0568542 0.206114
0 0.581015 0.396117 0.0812812 0.412259
0 0.156002 0.301678 0.14996 0.539957
25 0.503874 0.177861 0.136798 0.0638745
0 0.202377 0.256429 0.0542699 0.147624
0 0.102952 0.698798 0.205696 0.584216
40 0.589218 0.610004 0.0448574 0.154384
