0 0.513221 0.777588 0.0444191 0.162374
7 0.546955 0.709899 0.319568 0.264215
0 0.476096 0.781648 0.0449421 0.15887
0 0.276528 0.851719 0.106661 0.296563
7 0.907347 0.763133 0.185306 0.469481
24 0.322986 0.814971 0.0603594 0.117959
0 0.393938 0.763952 0.0435481 0.162106
0 0.352711 0.760903 0.0382324 0.143266
0 0.839552 0.725919 0.0193478 0.0831622
7 0.879489 0.699001 0.162587 0.131467
0 0.404101 0.761506 0.0379351 0.156227
0 0.744196 0.704572 0.0201576 0.0528094
0 0.418879 0.76167 0.0314528 0.158865
0 0.138782 0.718037 0.0315038 0.073542
0 0.313049 0.726532 0.0340008 0.0980113
0 0.138651 0.732998 0.0323545 0.101978
0 0.439629 0.758997 0.0270123 0.122777
0 0.845641 0.72806 0.027256 0.0836629
0 0.344486 0.77583 0.0426376 0.163195
0 0.513221 0.777588 0.0444191 0.162374
7 0.546955 0.709899 0.319568 0.264215
0 0.476096 0.781648 0.0449421 0.15887
0 0.276528 0.851719 0.106661 0.296563
7 0.907347 0.763133 0.185306 0.469481
24 0.322986 0.814971 0.0603594 0.117959
0 0.393938 0.763952 0.0435481 0.162106
0 0.352711 0.760903 0.0382324 0.143266
0 0.839552 0.725919 0.0193478 0.0831622
7 0.879489 0.699001 0.162587 0.131467
0 0.404101 0.761506 0.0379351 0.156227
0 0.744196 0.704572 0.0201576 0.0528094
0 0.418879 0.76167 0.0314528 0.158865
0 0.138782 0.718037 0.0315038 0.073542
0 0.313049 0.726532 0.0340008 0.0980113
0 0.138651 0.732998 0.0323545 0.101978
0 0.439629 0.758997 0.0270123 0.122777
0 0.845641 0.72806 0.027256 0.0836629
0 0.344486 0.77583 0.0426376 0.163195
