0 0.342899 0.175071 0.0340839 0.133522
0 0.131037 0.469706 0.033675 0.230365
0 0.946911 0.819477 0.0443346 0.215083
0 0.850109 0.734369 0.0374622 0.238719
0 0.595091 0.177384 0.0230494 0.117955
0 0.910015 0.827928 0.0403969 0.161013
0 0.441308 0.148383 0.0423244 0.207316
0 0.342899 0.175071 0.0340839 0.133522
0 0.131037 0.469706 0.033675 0.230365
0 0.946911 0.819477 0.0443346 0.215083
0 0.850109 0.734369 0.0374622 0.238719
0 0.595091 0.177384 0.0230494 0.117955
0 0.910015 0.827928 0.0403969 0.161013
0 0.441308 0.148383 0.0423244 0.207316
