45 0.500615 0.53478 0.998769 0.92843
41 0.934496 0.180953 0.129401 0.350252
41 0.280459 0.0757134 0.270767 0.146653
41 0.711698 0.0653439 0.190367 0.124724
51 0.179867 0.670522 0.170568 0.239167
51 0.405085 0.63804 0.28308 0.10204
41 0.717732 0.082986 0.212238 0.159762
45 0.279741 0.0763104 0.270083 0.145292
51 0.646469 0.454807 0.194767 0.106596
41 0.959958 0.162832 0.0795376 0.322773
60 0.497566 0.500743 0.995131 0.98395
51 0.487413 0.428161 0.519767 0.510027
45 0.500615 0.53478 0.998769 0.92843
41 0.934496 0.180953 0.129401 0.350252
41 0.280459 0.0757134 0.270767 0.146653
41 0.711698 0.0653439 0.190367 0.124724
51 0.179867 0.670522 0.170568 0.239167
51 0.405085 0.63804 0.28308 0.10204
41 0.717732 0.082986 0.212238 0.159762
45 0.279741 0.0763104 0.270083 0.145292
51 0.646469 0.454807 0.194767 0.106596
41 0.959958 0.162832 0.0795376 0.322773
60 0.497566 0.500743 0.995131 0.98395
51 0.487413 0.428161 0.519767 0.510027
