45 0.478812 0.697395 0.957624 0.602116
45 0.334296 0.415981 0.667734 0.799149
45 0.734186 0.252946 0.50613 0.503021
50 0.644542 0.735775 0.484713 0.498882
50 0.587785 0.926653 0.149028 0.142999
49 0.640658 0.0762993 0.151643 0.151109
49 0.671849 0.221662 0.127314 0.142886
49 0.771944 0.136162 0.097067 0.104255
45 0.478812 0.697395 0.957624 0.602116
45 0.334296 0.415981 0.667734 0.799149
45 0.734186 0.252946 0.50613 0.503021
50 0.644542 0.735775 0.484713 0.498882
50 0.587785 0.926653 0.149028 0.142999
49 0.640658 0.0762993 0.151643 0.151109
49 0.671849 0.221662 0.127314 0.142886
49 0.771944 0.136162 0.097067 0.104255
