1 0.127358 0.378041 0.254717 0.754529
16 0.329886 0.772451 0.462883 0.243894
0 0.747066 0.296275 0.0536775 0.105825
0 0.441485 0.294217 0.0277609 0.112168
0 0.517895 0.281817 0.0288931 0.119978
0 0.480181 0.292239 0.0289974 0.135791
0 0.565458 0.280847 0.0304754 0.131074
0 0.456843 0.296624 0.0248993 0.128164
0 0.465412 0.295965 0.0268368 0.13098
1 0.127358 0.378041 0.254717 0.754529
16 0.329886 0.772451 0.462883 0.243894
0 0.747066 0.296275 0.0536775 0.105825
0 0.441485 0.294217 0.0277609 0.112168
0 0.517895 0.281817 0.0288931 0.119978
0 0.480181 0.292239 0.0289974 0.135791
0 0.565458 0.280847 0.0304754 0.131074
0 0.456843 0.296624 0.0248993 0.128164
0 0.465412 0.295965 0.0268368 0.13098
