20 0.461611 0.586867 0.214271 0.173175
0 0.451411 0.479642 0.075045 0.134375
0 0.623555 0.519243 0.082774 0.16794
20 0.612972 0.563063 0.0672173 0.0833074
20 0.878485 0.524386 0.205043 0.24247
0 0.63123 0.491912 0.0671623 0.114243
0 0.614688 0.56063 0.0681778 0.0874771
20 0.461611 0.586867 0.214271 0.173175
0 0.451411 0.479642 0.075045 0.134375
0 0.623555 0.519243 0.082774 0.16794
20 0.612972 0.563063 0.0672173 0.0833074
20 0.878485 0.524386 0.205043 0.24247
0 0.63123 0.491912 0.0671623 0.114243
0 0.614688 0.56063 0.0681778 0.0874771
