0 0.664488 0.489147 0.670713 0.971412
0 0.200489 0.566666 0.400127 0.602371
53 0.476697 0.899745 0.536739 0.190466
0 0.494799 0.146267 0.202078 0.2901
0 0.101405 0.179917 0.20281 0.346799
53 0.597143 0.921886 0.27985 0.154646
0 0.58361 0.0968384 0.122537 0.193677
56 0.428385 0.334957 0.0869144 0.109956
56 0.0346502 0.484861 0.0685225 0.406582
0 0.264006 0.0899823 0.128046 0.173993
43 0.107376 0.927733 0.0976087 0.133845
56 0.321073 0.366096 0.107238 0.168559
0 0.373762 0.0957286 0.116031 0.191457
60 0.50018 0.903762 0.997626 0.172888
0 0.664488 0.489147 0.670713 0.971412
0 0.200489 0.566666 0.400127 0.602371
53 0.476697 0.899745 0.536739 0.190466
0 0.494799 0.146267 0.202078 0.2901
0 0.101405 0.179917 0.20281 0.346799
53 0.597143 0.921886 0.27985 0.154646
0 0.58361 0.0968384 0.122537 0.193677
56 0.428385 0.334957 0.0869144 0.109956
56 0.0346502 0.484861 0.0685225 0.406582
0 0.264006 0.0899823 0.128046 0.173993
43 0.107376 0.927733 0.0976087 0.133845
56 0.321073 0.366096 0.107238 0.168559
0 0.373762 0.0957286 0.116031 0.191457
60 0.50018 0.903762 0.997626 0.172888
