68 0.895341 0.867902 0.207596 0.264195
0 0.320123 0.584004 0.560235 0.831992
43 0.711274 0.812982 0.0226536 0.0899348
74 0.0410702 0.0645209 0.0821405 0.129042
43 0.625961 0.662174 0.0198474 0.158586
44 0.569194 0.266722 0.0366769 0.193009
44 0.647657 0.391549 0.0383953 0.259146
43 0.740255 0.819013 0.0172272 0.0795208
43 0.678245 0.66026 0.0204221 0.16229
43 0.636267 0.660703 0.0210752 0.160622
44 0.585127 0.250116 0.0655001 0.237259
43 0.715184 0.828982 0.0267276 0.123692
68 0.895341 0.867902 0.207596 0.264195
0 0.320123 0.584004 0.560235 0.831992
43 0.711274 0.812982 0.0226536 0.0899348
74 0.0410702 0.0645209 0.0821405 0.129042
43 0.625961 0.662174 0.0198474 0.158586
44 0.569194 0.266722 0.0366769 0.193009
44 0.647657 0.391549 0.0383953 0.259146
43 0.740255 0.819013 0.0172272 0.0795208
43 0.678245 0.66026 0.0204221 0.16229
43 0.636267 0.660703 0.0210752 0.160622
44 0.585127 0.250116 0.0655001 0.237259
43 0.715184 0.828982 0.0267276 0.123692
