4 0.501157 0.346836 0.997686 0.681037
0 0.403382 0.584375 0.0952827 0.380291
0 0.59565 0.570743 0.0818022 0.265247
0 0.740864 0.567517 0.0581228 0.319937
0 0.323564 0.581896 0.0644058 0.287264
0 0.523673 0.577955 0.0588907 0.27861
0 0.268279 0.595666 0.0692254 0.31313
0 0.464558 0.576234 0.0529655 0.291094
0 0.482322 0.316986 0.0649654 0.148584
0 0.451999 0.577151 0.0543762 0.299171
0 0.490515 0.578305 0.0447139 0.281662
0 0.334754 0.572589 0.0669575 0.292577
0 0.482169 0.579554 0.0523934 0.285316
0 0.742464 0.337423 0.0643181 0.185182
4 0.501157 0.346836 0.997686 0.681037
0 0.403382 0.584375 0.0952827 0.380291
0 0.59565 0.570743 0.0818022 0.265247
0 0.740864 0.567517 0.0581228 0.319937
0 0.323564 0.581896 0.0644058 0.287264
0 0.523673 0.577955 0.0588907 0.27861
0 0.268279 0.595666 0.0692254 0.31313
0 0.464558 0.576234 0.0529655 0.291094
0 0.482322 0.316986 0.0649654 0.148584
0 0.451999 0.577151 0.0543762 0.299171
0 0.490515 0.578305 0.0447139 0.281662
0 0.334754 0.572589 0.0669575 0.292577
0 0.482169 0.579554 0.0523934 0.285316
0 0.742464 0.337423 0.0643181 0.185182
