54 0.830688 0.315154 0.188147 0.212875
54 0.841574 0.527906 0.194945 0.246496
54 0.8501 0.792657 0.208378 0.30314
54 0.389129 0.408951 0.222413 0.217681
54 0.184792 0.439187 0.189259 0.181557
54 0.631834 0.81793 0.259584 0.263742
54 0.390624 0.84124 0.259964 0.198694
54 0.410489 0.674728 0.222691 0.203257
54 0.383155 0.561819 0.246457 0.213879
54 0.177327 0.308375 0.199497 0.171134
54 0.150717 0.55101 0.191378 0.160198
54 0.176659 0.797236 0.247795 0.249757
54 0.196931 0.206344 0.175039 0.15109
54 0.682241 0.453327 0.14628 0.489036
54 0.177157 0.658608 0.240875 0.15746
54 0.374077 0.3122 0.218556 0.147377
54 0.547645 0.510799 0.142755 0.374889
54 0.375203 0.193251 0.196429 0.206567
54 0.830688 0.315154 0.188147 0.212875
54 0.841574 0.527906 0.194945 0.246496
54 0.8501 0.792657 0.208378 0.30314
54 0.389129 0.408951 0.222413 0.217681
54 0.184792 0.439187 0.189259 0.181557
54 0.631834 0.81793 0.259584 0.263742
54 0.390624 0.84124 0.259964 0.198694
54 0.410489 0.674728 0.222691 0.203257
54 0.383155 0.561819 0.246457 0.213879
54 0.177327 0.308375 0.199497 0.171134
54 0.150717 0.55101 0.191378 0.160198
54 0.176659 0.797236 0.247795 0.249757
54 0.196931 0.206344 0.175039 0.15109
54 0.682241 0.453327 0.14628 0.489036
54 0.177157 0.658608 0.240875 0.15746
54 0.374077 0.3122 0.218556 0.147377
54 0.547645 0.510799 0.142755 0.374889
54 0.375203 0.193251 0.196429 0.206567
