0 0.516093 0.622689 0.670006 0.745785
0 0.0646319 0.595516 0.128729 0.472283
0 0.195029 0.647161 0.13498 0.348964
0 0.898122 0.673282 0.194763 0.653436
67 0.523015 0.47608 0.132438 0.139365
0 0.291882 0.549115 0.110689 0.280641
0 0.819732 0.512007 0.14769 0.304371
0 0.758787 0.513939 0.101416 0.149975
0 0.705056 0.453452 0.0741783 0.200281
0 0.516093 0.622689 0.670006 0.745785
0 0.0646319 0.595516 0.128729 0.472283
0 0.195029 0.647161 0.13498 0.348964
0 0.898122 0.673282 0.194763 0.653436
67 0.523015 0.47608 0.132438 0.139365
0 0.291882 0.549115 0.110689 0.280641
0 0.819732 0.512007 0.14769 0.304371
0 0.758787 0.513939 0.101416 0.149975
0 0.705056 0.453452 0.0741783 0.200281
