0 0.584103 0.371837 0.474221 0.57222
55 0.665634 0.779157 0.629195 0.230613
60 0.529427 0.808923 0.941146 0.382154
41 0.241344 0.760436 0.10542 0.0864962
0 0.910621 0.408221 0.178759 0.543635
43 0.665805 0.643579 0.105199 0.108275
0 0.196975 0.404406 0.374719 0.705223
45 0.786751 0.659176 0.1584 0.0632291
0 0.584103 0.371837 0.474221 0.57222
55 0.665634 0.779157 0.629195 0.230613
60 0.529427 0.808923 0.941146 0.382154
41 0.241344 0.760436 0.10542 0.0864962
0 0.910621 0.408221 0.178759 0.543635
43 0.665805 0.643579 0.105199 0.108275
0 0.196975 0.404406 0.374719 0.705223
45 0.786751 0.659176 0.1584 0.0632291
