72 0.131051 0.387739 0.227456 0.444129
69 0.496882 0.447192 0.193369 0.299249
58 0.907719 0.127786 0.064883 0.0930289
75 0.367096 0.136226 0.0492128 0.0804387
74 0.548811 0.0933781 0.0888973 0.0928761
58 0.849879 0.137843 0.0534431 0.0824472
45 0.283602 0.335575 0.0713522 0.0308615
75 0.291396 0.129458 0.0905423 0.0965529
58 0.905052 0.150406 0.0471642 0.0468937
71 0.867142 0.363087 0.193529 0.0386055
72 0.131051 0.387739 0.227456 0.444129
69 0.496882 0.447192 0.193369 0.299249
58 0.907719 0.127786 0.064883 0.0930289
75 0.367096 0.136226 0.0492128 0.0804387
74 0.548811 0.0933781 0.0888973 0.0928761
58 0.849879 0.137843 0.0534431 0.0824472
45 0.283602 0.335575 0.0713522 0.0308615
75 0.291396 0.129458 0.0905423 0.0965529
58 0.905052 0.150406 0.0471642 0.0468937
71 0.867142 0.363087 0.193529 0.0386055
