45 0.775903 0.610823 0.232708 0.2334
60 0.501151 0.52097 0.997698 0.95806
45 0.901662 0.80377 0.195409 0.280182
45 0.339614 0.352088 0.391743 0.253202
45 0.692016 0.849306 0.256682 0.301388
45 0.636118 0.16076 0.143634 0.124323
45 0.626305 0.394278 0.216958 0.153338
45 0.145527 0.296802 0.184968 0.135357
45 0.137593 0.492014 0.275186 0.220378
45 0.252723 0.226282 0.151596 0.0877565
45 0.651483 0.303584 0.242837 0.128733
45 0.528557 0.184795 0.2032 0.134781
45 0.498752 0.509116 0.271484 0.194232
45 0.0572357 0.370492 0.114471 0.13248
45 0.883152 0.349477 0.225828 0.158013
45 0.825149 0.451669 0.207293 0.139382
45 0.338834 0.740257 0.561905 0.514583
44 0.905071 0.629449 0.089575 0.214953
45 0.736392 0.240359 0.116008 0.0888216
44 0.414383 0.133566 0.10667 0.0925374
44 0.885485 0.658908 0.119714 0.259685
45 0.372318 0.191907 0.144907 0.0855325
51 0.301735 0.790017 0.0524921 0.0800044
45 0.421281 0.467943 0.115646 0.120021
44 0.804048 0.902625 0.226841 0.183816
45 0.641138 0.326162 0.233295 0.108481
72 0.166293 0.156286 0.332586 0.308785
45 0.909649 0.50991 0.179516 0.141768
45 0.775903 0.610823 0.232708 0.2334
60 0.501151 0.52097 0.997698 0.95806
45 0.901662 0.80377 0.195409 0.280182
45 0.339614 0.352088 0.391743 0.253202
45 0.692016 0.849306 0.256682 0.301388
45 0.636118 0.16076 0.143634 0.124323
45 0.626305 0.394278 0.216958 0.153338
45 0.145527 0.296802 0.184968 0.135357
45 0.137593 0.492014 0.275186 0.220378
45 0.252723 0.226282 0.151596 0.0877565
45 0.651483 0.303584 0.242837 0.128733
45 0.528557 0.184795 0.2032 0.134781
45 0.498752 0.509116 0.271484 0.194232
45 0.0572357 0.370492 0.114471 0.13248
45 0.883152 0.349477 0.225828 0.158013
45 0.825149 0.451669 0.207293 0.139382
45 0.338834 0.740257 0.561905 0.514583
44 0.905071 0.629449 0.089575 0.214953
45 0.736392 0.240359 0.116008 0.0888216
44 0.414383 0.133566 0.10667 0.0925374
44 0.885485 0.658908 0.119714 0.259685
45 0.372318 0.191907 0.144907 0.0855325
51 0.301735 0.790017 0.0524921 0.0800044
45 0.421281 0.467943 0.115646 0.120021
44 0.804048 0.902625 0.226841 0.183816
45 0.641138 0.326162 0.233295 0.108481
72 0.166293 0.156286 0.332586 0.308785
45 0.909649 0.50991 0.179516 0.141768
