55 0.38289 0.695628 0.196916 0.284271
41 0.733419 0.590502 0.279784 0.267098
43 0.548643 0.770688 0.155321 0.301108
60 0.573437 0.715718 0.853126 0.568289
44 0.613288 0.665673 0.119644 0.16452
25 0.530764 0.0442951 0.152766 0.0885901
25 0.531514 0.107958 0.153864 0.215594
24 0.679336 0.389076 0.464471 0.265544
55 0.38289 0.695628 0.196916 0.284271
41 0.733419 0.590502 0.279784 0.267098
43 0.548643 0.770688 0.155321 0.301108
60 0.573437 0.715718 0.853126 0.568289
44 0.613288 0.665673 0.119644 0.16452
25 0.530764 0.0442951 0.152766 0.0885901
25 0.531514 0.107958 0.153864 0.215594
24 0.679336 0.389076 0.464471 0.265544
