20 0.180634 0.682819 0.355283 0.48358
20 0.518062 0.661733 0.323499 0.426254
20 0.567609 0.783467 0.156123 0.186857
20 0.879191 0.648685 0.240219 0.456844
20 0.723993 0.733176 0.134737 0.250614
20 0.598648 0.784936 0.128633 0.184137
20 0.779167 0.723159 0.240022 0.299857
20 0.180634 0.682819 0.355283 0.48358
20 0.518062 0.661733 0.323499 0.426254
20 0.567609 0.783467 0.156123 0.186857
20 0.879191 0.648685 0.240219 0.456844
20 0.723993 0.733176 0.134737 0.250614
20 0.598648 0.784936 0.128633 0.184137
20 0.779167 0.723159 0.240022 0.299857
