45 0.500382 0.501454 0.999058 0.991877
51 0.372588 0.49748 0.13181 0.178132
51 0.628509 0.831261 0.141718 0.211326
51 0.760568 0.69456 0.125613 0.179361
51 0.669374 0.572314 0.100601 0.143461
51 0.422817 0.192345 0.113531 0.137435
51 0.259384 0.53577 0.102207 0.183523
51 0.787165 0.5342 0.115123 0.175809
51 0.418127 0.76833 0.0888434 0.12449
51 0.852888 0.668749 0.0923615 0.177641
44 0.266779 0.0839982 0.528255 0.166857
44 0.846878 0.0886782 0.305461 0.174408
45 0.500382 0.501454 0.999058 0.991877
51 0.372588 0.49748 0.13181 0.178132
51 0.628509 0.831261 0.141718 0.211326
51 0.760568 0.69456 0.125613 0.179361
51 0.669374 0.572314 0.100601 0.143461
51 0.422817 0.192345 0.113531 0.137435
51 0.259384 0.53577 0.102207 0.183523
51 0.787165 0.5342 0.115123 0.175809
51 0.418127 0.76833 0.0888434 0.12449
51 0.852888 0.668749 0.0923615 0.177641
44 0.266779 0.0839982 0.528255 0.166857
44 0.846878 0.0886782 0.305461 0.174408
