59 0.505506 0.744085 0.660202 0.498734
77 0.363558 0.496561 0.156446 0.19459
77 0.720902 0.704359 0.194866 0.223148
77 0.5618 0.448569 0.0688552 0.15159
77 0.479793 0.669261 0.148003 0.161437
77 0.485639 0.641998 0.158921 0.214901
77 0.618266 0.518355 0.0818566 0.120896
77 0.625319 0.551765 0.0963246 0.185632
77 0.568916 0.655049 0.0938772 0.180604
77 0.950001 0.908217 0.0972021 0.183567
77 0.509532 0.628767 0.121536 0.231771
77 0.609159 0.49563 0.0751598 0.0784747
77 0.609351 0.550106 0.0855551 0.184243
77 0.638094 0.566677 0.119403 0.199283
77 0.673997 0.55436 0.104694 0.111386
77 0.655832 0.548553 0.131423 0.147311
77 0.956894 0.612518 0.0854668 0.177502
59 0.505506 0.744085 0.660202 0.498734
77 0.363558 0.496561 0.156446 0.19459
77 0.720902 0.704359 0.194866 0.223148
77 0.5618 0.448569 0.0688552 0.15159
77 0.479793 0.669261 0.148003 0.161437
77 0.485639 0.641998 0.158921 0.214901
77 0.618266 0.518355 0.0818566 0.120896
77 0.625319 0.551765 0.0963246 0.185632
77 0.568916 0.655049 0.0938772 0.180604
77 0.950001 0.908217 0.0972021 0.183567
77 0.509532 0.628767 0.121536 0.231771
77 0.609159 0.49563 0.0751598 0.0784747
77 0.609351 0.550106 0.0855551 0.184243
77 0.638094 0.566677 0.119403 0.199283
77 0.673997 0.55436 0.104694 0.111386
77 0.655832 0.548553 0.131423 0.147311
77 0.956894 0.612518 0.0854668 0.177502
