20 0.366625 0.673142 0.111994 0.190074
20 0.786821 0.692345 0.109106 0.172917
20 0.0442463 0.691477 0.0839446 0.135322
20 0.652761 0.686351 0.112065 0.174487
20 0.558777 0.723198 0.0649654 0.103288
20 0.257638 0.689311 0.101434 0.153256
20 0.16838 0.718557 0.05657 0.0858236
20 0.366625 0.673142 0.111994 0.190074
20 0.786821 0.692345 0.109106 0.172917
20 0.0442463 0.691477 0.0839446 0.135322
20 0.652761 0.686351 0.112065 0.174487
20 0.558777 0.723198 0.0649654 0.103288
20 0.257638 0.689311 0.101434 0.153256
20 0.16838 0.718557 0.05657 0.0858236
