0 0.723847 0.619921 0.234948 0.418622
41 0.045774 0.967506 0.0915479 0.0641731
0 0.215379 0.678332 0.421741 0.554774
0 0.464552 0.508204 0.437999 0.983591
41 0.265441 0.966944 0.0947495 0.0649479
39 0.107897 0.928941 0.0621553 0.141521
57 0.49566 0.681296 0.99132 0.514194
65 0.299198 0.519166 0.0693732 0.0325214
57 0.213322 0.684057 0.426644 0.516966
57 0.837182 0.651704 0.325636 0.457234
65 0.293734 0.523968 0.0819514 0.034565
57 0.685955 0.649065 0.628089 0.457464
0 0.723847 0.619921 0.234948 0.418622
41 0.045774 0.967506 0.0915479 0.0641731
0 0.215379 0.678332 0.421741 0.554774
0 0.464552 0.508204 0.437999 0.983591
41 0.265441 0.966944 0.0947495 0.0649479
39 0.107897 0.928941 0.0621553 0.141521
57 0.49566 0.681296 0.99132 0.514194
65 0.299198 0.519166 0.0693732 0.0325214
57 0.213322 0.684057 0.426644 0.516966
57 0.837182 0.651704 0.325636 0.457234
65 0.293734 0.523968 0.0819514 0.034565
57 0.685955 0.649065 0.628089 0.457464
