25 0.0628807 0.446043 0.125639 0.257414
0 0.57692 0.557876 0.0919413 0.465016
25 0.692422 0.209664 0.0602984 0.20432
0 0.805403 0.56738 0.0812545 0.430263
25 0.777929 0.272524 0.102092 0.0424469
25 0.511687 0.295969 0.123905 0.0601219
25 0.122736 0.38127 0.245367 0.31488
25 0.379514 0.378744 0.19186 0.19823
25 0.611129 0.346127 0.110625 0.0659874
25 0.256872 0.386156 0.232844 0.241111
25 0.630925 0.34279 0.0914722 0.0653471
0 0.367644 0.942909 0.175096 0.114182
25 0.405724 0.361779 0.228773 0.179387
0 0.270442 0.718036 0.115747 0.405476
25 0.719356 0.354055 0.106451 0.101862
25 0.599381 0.353366 0.112525 0.0728374
25 0.511149 0.312027 0.127016 0.0902529
56 0.124351 0.693115 0.230699 0.279118
0 0.929446 0.515033 0.0619638 0.0969962
25 0.676045 0.345875 0.182468 0.0877937
25 0.324928 0.380066 0.276568 0.207909
25 0.0628807 0.446043 0.125639 0.257414
0 0.57692 0.557876 0.0919413 0.465016
25 0.692422 0.209664 0.0602984 0.20432
0 0.805403 0.56738 0.0812545 0.430263
25 0.777929 0.272524 0.102092 0.0424469
25 0.511687 0.295969 0.123905 0.0601219
25 0.122736 0.38127 0.245367 0.31488
25 0.379514 0.378744 0.19186 0.19823
25 0.611129 0.346127 0.110625 0.0659874
25 0.256872 0.386156 0.232844 0.241111
25 0.630925 0.34279 0.0914722 0.0653471
0 0.367644 0.942909 0.175096 0.114182
25 0.405724 0.361779 0.228773 0.179387
0 0.270442 0.718036 0.115747 0.405476
25 0.719356 0.354055 0.106451 0.101862
25 0.599381 0.353366 0.112525 0.0728374
25 0.511149 0.312027 0.127016 0.0902529
56 0.124351 0.693115 0.230699 0.279118
0 0.929446 0.515033 0.0619638 0.0969962
25 0.676045 0.345875 0.182468 0.0877937
25 0.324928 0.380066 0.276568 0.207909
