0 0.825783 0.694203 0.348434 0.604061
0 0.303561 0.600517 0.224 0.787577
0 0.4989 0.618868 0.238971 0.753697
57 0.819006 0.697846 0.358125 0.582276
56 0.807416 0.697968 0.326075 0.581559
26 0.116853 0.824068 0.131395 0.350076
26 0.117105 0.882063 0.133621 0.231746
0 0.825783 0.694203 0.348434 0.604061
0 0.303561 0.600517 0.224 0.787577
0 0.4989 0.618868 0.238971 0.753697
57 0.819006 0.697846 0.358125 0.582276
56 0.807416 0.697968 0.326075 0.581559
26 0.116853 0.824068 0.131395 0.350076
26 0.117105 0.882063 0.133621 0.231746
