0 0.591812 0.739076 0.277613 0.429856
56 0.857336 0.510607 0.11633 0.0638819
56 0.745445 0.504537 0.117384 0.0528399
56 0.677743 0.459262 0.101573 0.0362534
56 0.637469 0.502999 0.11137 0.045607
56 0.408894 0.423613 0.102572 0.0485695
56 0.221184 0.423057 0.0933999 0.0423059
56 0.125867 0.516497 0.108796 0.0663346
56 0.127319 0.423773 0.0882175 0.0420172
56 0.525617 0.506419 0.110921 0.0480616
56 0.784089 0.458674 0.102112 0.0368433
56 0.166352 0.385649 0.0853914 0.0368423
56 0.0761026 0.38694 0.0881837 0.0367616
56 0.312686 0.422207 0.0962438 0.0417251
56 0.0907326 0.46145 0.0915052 0.0370366
56 0.186308 0.461222 0.0912997 0.0350618
56 0.254674 0.382556 0.0900443 0.0407954
56 0.517705 0.415882 0.114004 0.109403
56 0.0410644 0.426069 0.0789109 0.042024
56 0.279974 0.461221 0.0932087 0.0381639
0 0.591812 0.739076 0.277613 0.429856
56 0.857336 0.510607 0.11633 0.0638819
56 0.745445 0.504537 0.117384 0.0528399
56 0.677743 0.459262 0.101573 0.0362534
56 0.637469 0.502999 0.11137 0.045607
56 0.408894 0.423613 0.102572 0.0485695
56 0.221184 0.423057 0.0933999 0.0423059
56 0.125867 0.516497 0.108796 0.0663346
56 0.127319 0.423773 0.0882175 0.0420172
56 0.525617 0.506419 0.110921 0.0480616
56 0.784089 0.458674 0.102112 0.0368433
56 0.166352 0.385649 0.0853914 0.0368423
56 0.0761026 0.38694 0.0881837 0.0367616
56 0.312686 0.422207 0.0962438 0.0417251
56 0.0907326 0.46145 0.0915052 0.0370366
56 0.186308 0.461222 0.0912997 0.0350618
56 0.254674 0.382556 0.0900443 0.0407954
56 0.517705 0.415882 0.114004 0.109403
56 0.0410644 0.426069 0.0789109 0.042024
56 0.279974 0.461221 0.0932087 0.0381639
