0 0.508974 0.589832 0.583915 0.81726
27 0.531737 0.812769 0.103524 0.374463
0 0.806717 0.805044 0.156289 0.389913
0 0.111086 0.769306 0.221989 0.459433
0 0.212697 0.730084 0.142117 0.407125
0 0.305799 0.641727 0.067715 0.0934241
0 0.946041 0.882284 0.107918 0.222353
0 0.896809 0.726755 0.136844 0.331227
0 0.970178 0.727213 0.0587952 0.268334
0 0.705824 0.589739 0.0687576 0.129639
0 0.643858 0.538746 0.0620073 0.0745781
0 0.647402 0.558377 0.0662755 0.115245
0 0.965806 0.738541 0.0683878 0.33252
0 0.508974 0.589832 0.583915 0.81726
27 0.531737 0.812769 0.103524 0.374463
0 0.806717 0.805044 0.156289 0.389913
0 0.111086 0.769306 0.221989 0.459433
0 0.212697 0.730084 0.142117 0.407125
0 0.305799 0.641727 0.067715 0.0934241
0 0.946041 0.882284 0.107918 0.222353
0 0.896809 0.726755 0.136844 0.331227
0 0.970178 0.727213 0.0587952 0.268334
0 0.705824 0.589739 0.0687576 0.129639
0 0.643858 0.538746 0.0620073 0.0745781
0 0.647402 0.558377 0.0662755 0.115245
0 0.965806 0.738541 0.0683878 0.33252
