0 0.124316 0.699345 0.138545 0.365348
0 0.36235 0.680631 0.148663 0.328761
0 0.886145 0.592574 0.0642653 0.125627
0 0.261623 0.738191 0.185496 0.27687
0 0.34716 0.538947 0.034373 0.0950956
0 0.348363 0.551929 0.0387018 0.121079
0 0.353037 0.57499 0.0489458 0.163388
0 0.124316 0.699345 0.138545 0.365348
0 0.36235 0.680631 0.148663 0.328761
0 0.886145 0.592574 0.0642653 0.125627
0 0.261623 0.738191 0.185496 0.27687
0 0.34716 0.538947 0.034373 0.0950956
0 0.348363 0.551929 0.0387018 0.121079
0 0.353037 0.57499 0.0489458 0.163388
